20
0.44383084429040115 0.0
0.1217480657839981 0.004341062545703528
0.6558076388032803 0.35003242201733137
0.30798052191199815 0.33442480008259795
0.2231627924598735 0.2991641555130641
0.42170792498214665 0.4590479537965142
0.025848455218283883 0.28659292402770514
0.0 0.4644949786632183
0.12822925830474746 0.4063743756901793
0.42040010996937266 0.7007823856876381
0.2513642520609636 0.64982417738019
0.613801633322752 0.7795374895512901
0.4727274061909617 0.6286785250726116
0.5864492339526973 0.5501529816790097
0.8561779684198896 0.7396011133772493
0.7550481427835041 0.9335781898930393
1.0 1.0
0.9908917565635018 0.7762909384968536
0.6243724409388142 0.03019070144453245
0.5388085863405606 0.07090328200341763
