67
3
0.622668 0.738218
0.623505 0.772019
0.737879 0.826938
100
0.623505 0.772019
0.622668 0.738218
0.663887 0.756548
0.636668 0.716271
0.538782 0.672544
0.440383 0.644087
0.365314 0.570567
0.346968 0.637871
0.362554 0.699898
0.360443 0.78364
0.487591 0.725606
0.524224 0.772941
0.630184 0.785681
0.647264 0.795555
0.462308 0.81512
0.349134 0.842023
0.249535 0.666191
0.106542 0.745006
0.19523 0.752541
0.278397 0.917461
0.0540662 0.917178
0.164806 0.835596
0.147836 0.843928
0 0.871314
0.0163331 0.785402
0.00161225 0.672651
0.00983012 0.538193
0.0310231 0.483332
0.0272979 0.454641
0.0113675 0.199068
0.105116 0.42274
0.300328 0.595818
0.27977 0.475242
0.0896268 0.326407
0.0875793 0.25614
0.0259113 0.140839
0.00732165 0.024502
0.076611 0.129384
0.208197 0.197785
0.293765 0.441838
0.314797 0.470655
0.769878 0.685947
0.543331 0.565867
0.649525 0.572767
0.780529 0.572956
0.89418 0.283329
0.81877 0.470169
0.665428 0.408607
0.901356 0.0927652
0.765846 0.140409
0.730386 0.152959
0.468454 0.229712
0.544717 0.297357
0.498782 0.324084
0.478452 0.275354
0.405116 0.220228
0.455016 0.409598
0.517646 0.520068
0.343457 0.340837
0.336956 0.294798
0.315807 0.158762
0.144284 0.0434088
0.160151 0.026376
0.360307 0.146931
0.797345 0.119013
0.403012 0.126959
0.617205 0.106621
0.83873 0.110597
0.704638 0.0350516
0.97574 0
0.937928 0.466569
0.943918 0.642914
0.960418 0.620314
0.97665 0.442234
0.987368 0.524372
1 0.851648
0.983079 0.872344
0.976765 0.95871
0.930183 0.943849
0.795387 0.944267
0.739955 0.923601
0.7317 0.951812
0.689105 1
0.690576 0.969028
0.376157 0.991437
0.0349432 0.947706
0.179589 0.957338
0.288244 0.963805
0.203508 0.942753
0.292802 0.947447
0.339024 0.925524
0.610564 0.91925
0.593655 0.824994
0.749876 0.844078
0.78218 0.867188
0.797425 0.85929
0.87029 0.683333
0.775041 0.689761
0.691362 0.715524
0.737879 0.826938
4
0.78218 0.867188
0.749876 0.844078
0.593655 0.824994
0.610564 0.91925
3
0.610564 0.91925
0.339024 0.925524
0.292802 0.947447
3
0.292802 0.947447
0.203508 0.942753
0.288244 0.963805
3
0.179589 0.957338
0.0349432 0.947706
0.376157 0.991437
4
0.690576 0.969028
0.689105 1
0.7317 0.951812
0.739955 0.923601
3
0.739955 0.923601
0.795387 0.944267
0.930183 0.943849
3
0.930183 0.943849
0.976765 0.95871
0.983079 0.872344
5
0.983079 0.872344
1 0.851648
0.987368 0.524372
0.97665 0.442234
0.960418 0.620314
3
0.97574 0
0.704638 0.0350516
0.83873 0.110597
4
0.83873 0.110597
0.617205 0.106621
0.403012 0.126959
0.797345 0.119013
4
0.360307 0.146931
0.160151 0.026376
0.144284 0.0434088
0.315807 0.158762
4
0.336956 0.294798
0.343457 0.340837
0.517646 0.520068
0.455016 0.409598
4
0.478452 0.275354
0.498782 0.324084
0.544717 0.297357
0.468454 0.229712
3
0.468454 0.229712
0.730386 0.152959
0.765846 0.140409
4
0.901356 0.0927652
0.665428 0.408607
0.81877 0.470169
0.89418 0.283329
3
0.649525 0.572767
0.543331 0.565867
0.769878 0.685947
3
0.293765 0.441838
0.208197 0.197785
0.076611 0.129384
4
0.076611 0.129384
0.00732165 0.024502
0.0259113 0.140839
0.0875793 0.25614
3
0.0875793 0.25614
0.0896268 0.326407
0.27977 0.475242
4
0.105116 0.42274
0.0113675 0.199068
0.0272979 0.454641
0.0310231 0.483332
4
0.0310231 0.483332
0.00983012 0.538193
0.00161225 0.672651
0.0163331 0.785402
4
0.0163331 0.785402
0 0.871314
0.147836 0.843928
0.164806 0.835596
3
0.164806 0.835596
0.0540662 0.917178
0.278397 0.917461
3
0.278397 0.917461
0.19523 0.752541
0.106542 0.745006
4
0.462308 0.81512
0.647264 0.795555
0.630184 0.785681
0.524224 0.772941
3
0.524224 0.772941
0.487591 0.725606
0.360443 0.78364
3
0.360443 0.78364
0.362554 0.699898
0.346968 0.637871
3
0.365314 0.570567
0.440383 0.644087
0.538782 0.672544
3
0.663887 0.756548
0.622668 0.738218
0.737879 0.826938
3
0.610564 0.91925
0.292802 0.947447
0.288244 0.963805
3
0.288244 0.963805
0.179589 0.957338
0.376157 0.991437
3
0.376157 0.991437
0.690576 0.969028
0.739955 0.923601
3
0.739955 0.923601
0.930183 0.943849
0.983079 0.872344
3
0.960418 0.620314
0.943918 0.642914
0.983079 0.872344
3
0.797345 0.119013
0.360307 0.146931
0.315807 0.158762
4
0.315807 0.158762
0.336956 0.294798
0.455016 0.409598
0.405116 0.220228
3
0.405116 0.220228
0.478452 0.275354
0.468454 0.229712
3
0.780529 0.572956
0.649525 0.572767
0.769878 0.685947
4
0.293765 0.441838
0.076611 0.129384
0.0875793 0.25614
0.27977 0.475242
4
0.300328 0.595818
0.105116 0.42274
0.0310231 0.483332
0.0163331 0.785402
3
0.164806 0.835596
0.278397 0.917461
0.106542 0.745006
4
0.349134 0.842023
0.462308 0.81512
0.524224 0.772941
0.360443 0.78364
3
0.538782 0.672544
0.636668 0.716271
0.365314 0.570567
4
0.737879 0.826938
0.691362 0.715524
0.636668 0.716271
0.663887 0.756548
5
0.610564 0.91925
0.288244 0.963805
0.376157 0.991437
0.739955 0.923601
0.983079 0.872344
5
0.468454 0.229712
0.765846 0.140409
0.797345 0.119013
0.315807 0.158762
0.405116 0.220228
3
0.89418 0.283329
0.780529 0.572956
0.769878 0.685947
4
0.314797 0.470655
0.293765 0.441838
0.27977 0.475242
0.300328 0.595818
3
0.0163331 0.785402
0.164806 0.835596
0.106542 0.745006
4
0.249535 0.666191
0.349134 0.842023
0.360443 0.78364
0.346968 0.637871
4
0.691362 0.715524
0.775041 0.689761
0.365314 0.570567
0.636668 0.716271
3
0.78218 0.867188
0.610564 0.91925
0.983079 0.872344
3
0.83873 0.110597
0.797345 0.119013
0.765846 0.140409
4
0.106542 0.745006
0.249535 0.666191
0.300328 0.595818
0.0163331 0.785402
3
0.346968 0.637871
0.365314 0.570567
0.249535 0.666191
3
0.797425 0.85929
0.78218 0.867188
0.983079 0.872344
3
0.765846 0.140409
0.901356 0.0927652
0.83873 0.110597
3
0.300328 0.595818
0.249535 0.666191
0.365314 0.570567
4
0.87029 0.683333
0.797425 0.85929
0.983079 0.872344
0.943918 0.642914
3
0.97574 0
0.83873 0.110597
0.901356 0.0927652
3
0.314797 0.470655
0.300328 0.595818
0.365314 0.570567
4
0.775041 0.689761
0.87029 0.683333
0.943918 0.642914
0.937928 0.466569
4
0.937928 0.466569
0.97574 0
0.901356 0.0927652
0.89418 0.283329
4
0.769878 0.685947
0.314797 0.470655
0.365314 0.570567
0.775041 0.689761
4
0.89418 0.283329
0.769878 0.685947
0.775041 0.689761
0.937928 0.466569
