26
4
106 392
8 492
285 500
106 392
40
106 392
50 423
94 291
42 228
83 172
173 268
284 244
362 260
305 84
178 128
57 78
681 72
805 8
857 7
827 83
998 148
884 173
753 269
655 147
389 141
547 323
570 294
541 158
699 336
747 331
820 296
828 245
980 210
861 373
916 388
888 448
464 355
299 314
286 366
392 421
672 476
476 506
285 500
8 492
106 392
5
285 500
476 506
672 476
392 421
285 500
6
299 314
464 355
888 448
916 388
861 373
299 314
5
861 373
980 210
828 245
820 296
861 373
4
699 336
541 158
570 294
699 336
4
655 147
753 269
884 173
655 147
4
884 173
998 148
827 83
884 173
5
827 83
857 7
805 8
681 72
827 83
4
57 78
178 128
305 84
57 78
4
362 260
284 244
173 268
362 260
5
173 268
83 172
42 228
94 291
173 268
4
50 423
106 392
94 291
50 423
5
392 421
286 366
106 392
285 500
392 421
4
820 296
747 331
861 373
820 296
4
570 294
547 323
699 336
570 294
5
655 147
884 173
827 83
681 72
655 147
4
681 72
57 78
305 84
681 72
5
362 260
173 268
94 291
106 392
362 260
4
286 366
299 314
106 392
286 366
4
747 331
699 336
861 373
747 331
5
389 141
655 147
681 72
305 84
389 141
4
362 260
106 392
299 314
362 260
5
299 314
861 373
699 336
547 323
299 314
5
547 323
389 141
305 84
362 260
547 323
4
362 260
299 314
547 323
362 260