161
3
0.342897 0.26414
0.329907 0.221994
0.312209 0.304804
300
0.342897 0.26414
0.324066 0.149057
0.364455 0.120761
0.340311 0.0497695
0.286388 0.0461337
0.270603 0.127544
0.30445 0.231863
0.282106 0.241363
0.251965 0.292641
0.195793 0.318463
0.140677 0.34416
0.161465 0.432625
0.133052 0.36108
0.0896493 0.400284
0.157527 0.447076
0.172362 0.475029
0.189496 0.47631
0.244215 0.577001
0.240653 0.589139
0.210779 0.584123
0.201036 0.506594
0.180754 0.584252
0.154436 0.72016
0.259315 0.696318
0.297968 0.743309
0.332763 0.805737
0.39128 0.877064
0.424898 0.832034
0.418492 0.761604
0.434202 0.877388
0.495482 0.839876
0.504865 0.840203
0.479468 0.687402
0.512667 0.696529
0.533127 0.783744
0.584671 0.898693
0.583957 0.910278
0.549999 0.889149
0.525721 0.880818
0.421002 0.923841
0.42263 0.917468
0.401732 0.953217
0.373654 0.962681
0.263389 0.968361
0.528638 0.985248
0.560087 0.94965
0.478492 0.947866
0.527107 0.939908
0.553628 0.932881
0.628105 0.954138
0.6885 0.989228
0.647829 0.999993
0.0641499 0.991898
0.072285 0.944682
0.0228954 0.957448
0.00370454 0.804067
0.00151028 0.755131
0.0394117 0.783686
0.0253041 0.880004
0.0436176 0.840559
0.0390302 0.671761
0.0588059 0.77281
0.0843732 0.8466
0.101623 0.839939
0.209906 0.951994
0.0836297 0.861714
0.066485 0.868328
0.131029 0.916057
0.14935 0.925306
0.244566 0.972281
0.219671 0.958983
0.285802 0.941894
0.104834 0.841096
0.231484 0.903619
0.359055 0.889966
0.342965 0.837525
0.308693 0.821198
0.178546 0.793928
0.3163 0.845551
0.146152 0.831689
0.167049 0.776553
0.0705912 0.745184
0.0605233 0.705381
0.0729927 0.673031
0.0846672 0.664052
0.103453 0.637485
0.141712 0.526124
0.139275 0.525812
0.106029 0.562728
0.057849 0.509322
0.15197 0.490659
0.121564 0.443331
0.0804639 0.450473
0.00336203 0.49342
0.0172961 0.460357
0.0223619 0.46311
0.0373161 0.434771
0.101377 0.364013
0.0743238 0.264949
0.00386589 0.41992
0.000836839 0.382215
0.00472406 0.263546
0.0542334 0.127809
0.0277438 0.278953
0.0178745 0.331569
0.0605149 0.268197
0.0502188 0.200501
0.0594535 0.204735
0.123747 0.222194
0.129293 0.246821
0.0724172 0.239773
0.104697 0.264956
0.147404 0.253212
0.220547 0.225838
0.248619 0.276425
0.249451 0.265121
0.255729 0.161582
0.268013 0.127209
0.168057 0.114955
0.14423 0.115659
0.126988 0.149362
0.208831 0.160629
0.196756 0.203133
0.176238 0.231001
0.109376 0.159766
0.0697226 0.0883004
0.085775 0.0998934
0.062104 0.0646939
0 0.149477
0.0414935 0.0193777
0.130939 0.0110414
0.0893577 0.0547715
0.275319 0.0454176
0.230039 0.0281335
0.250576 0.0121559
0.347268 0.015002
0.489767 0
0.355842 0.0259306
0.466778 0.116377
0.500577 0.176387
0.486608 0.0217421
0.524028 0.0155493
0.568347 0.00924934
0.722959 0.0163354
0.543723 0.023973
0.548301 0.0600882
0.643457 0.0749226
0.528786 0.144767
0.511467 0.188459
0.58974 0.262109
0.656708 0.300591
0.730154 0.203986
0.614721 0.146735
0.65164 0.0698351
0.660017 0.0633833
0.676942 0.0512014
0.720377 0.046638
0.935758 0.104029
0.97743 0.0437148
0.953881 0.130625
0.927881 0.125276
0.840088 0.117931
0.840978 0.135201
0.660976 0.141106
0.725611 0.168409
0.829818 0.159756
0.827114 0.209871
0.958879 0.149129
0.981355 0.115935
0.985916 0.147657
0.894719 0.197957
0.76036 0.289604
0.819927 0.257929
0.943306 0.258922
0.977471 0.259505
0.956145 0.365049
0.972826 0.396574
0.957662 0.448493
0.973793 0.549369
1 0.591907
0.981487 0.660701
0.972057 0.653029
0.941823 0.551546
0.913571 0.444473
0.954239 0.694269
0.991066 0.837684
0.979303 0.942565
0.93814 0.994883
0.910856 0.787025
0.905924 0.811474
0.885309 0.816991
0.883873 0.974178
0.820228 0.86955
0.875541 0.802756
0.900597 0.784668
0.887908 0.707245
0.767843 0.619991
0.864337 0.700031
0.795292 0.702857
0.81928 0.744158
0.853625 0.811046
0.805605 0.831587
0.840946 0.951079
0.820847 0.974748
0.789267 0.978372
0.849928 1
0.812449 0.991739
0.740662 0.982453
0.784834 0.902932
0.798615 0.752637
0.734677 0.81725
0.716793 0.884812
0.631572 0.919499
0.624733 0.906248
0.699993 0.88223
0.683647 0.697131
0.707511 0.63919
0.724967 0.646507
0.75139 0.660979
0.75352 0.647791
0.76544 0.575589
0.733904 0.553386
0.726006 0.558868
0.773142 0.509604
0.87156 0.674113
0.927502 0.717031
0.892996 0.630456
0.821167 0.510645
0.841415 0.481072
0.819868 0.433288
0.876507 0.313636
0.902634 0.289475
0.859473 0.289249
0.822877 0.284183
0.733176 0.452163
0.750989 0.479616
0.624594 0.514199
0.586195 0.531301
0.696065 0.597153
0.672738 0.695978
0.653687 0.804545
0.635121 0.80655
0.55601 0.789015
0.562306 0.764485
0.626896 0.684338
0.5591 0.630895
0.516002 0.620616
0.571185 0.704295
0.452765 0.535439
0.474549 0.667656
0.386114 0.672203
0.369553 0.568836
0.350679 0.550972
0.39342 0.508565
0.475095 0.504602
0.503463 0.537373
0.502139 0.533963
0.517047 0.466108
0.466428 0.485478
0.360996 0.42912
0.398598 0.488939
0.326219 0.520348
0.314367 0.588255
0.226833 0.519631
0.293248 0.460845
0.354061 0.459539
0.278589 0.416233
0.259505 0.419987
0.233439 0.486618
0.252388 0.347625
0.261258 0.367134
0.372525 0.393604
0.392711 0.399747
0.494428 0.383159
0.557892 0.395088
0.580498 0.457563
0.554616 0.441654
0.613178 0.50742
0.681148 0.428655
0.639602 0.372891
0.688965 0.426356
0.744056 0.304209
0.737618 0.251447
0.730264 0.28756
0.676449 0.290509
0.577702 0.397424
0.536422 0.366113
0.472632 0.34386
0.454195 0.339302
0.405048 0.347789
0.309761 0.356914
0.389845 0.326151
0.451177 0.301718
0.449866 0.26808
0.453605 0.299511
0.516115 0.339266
0.527442 0.237548
0.440526 0.181648
0.312209 0.304804
0.329907 0.221994
3
0.453605 0.299511
0.449866 0.26808
0.451177 0.301718
4
0.389845 0.326151
0.309761 0.356914
0.405048 0.347789
0.454195 0.339302
3
0.676449 0.290509
0.730264 0.28756
0.737618 0.251447
3
0.688965 0.426356
0.639602 0.372891
0.681148 0.428655
4
0.554616 0.441654
0.580498 0.457563
0.557892 0.395088
0.494428 0.383159
4
0.261258 0.367134
0.252388 0.347625
0.233439 0.486618
0.259505 0.419987
3
0.226833 0.519631
0.314367 0.588255
0.326219 0.520348
4
0.369553 0.568836
0.386114 0.672203
0.474549 0.667656
0.452765 0.535439
3
0.452765 0.535439
0.571185 0.704295
0.516002 0.620616
6
0.626896 0.684338
0.562306 0.764485
0.55601 0.789015
0.635121 0.80655
0.653687 0.804545
0.672738 0.695978
3
0.624594 0.514199
0.750989 0.479616
0.733176 0.452163
4
0.902634 0.289475
0.876507 0.313636
0.819868 0.433288
0.841415 0.481072
3
0.841415 0.481072
0.821167 0.510645
0.892996 0.630456
3
0.773142 0.509604
0.726006 0.558868
0.733904 0.553386
4
0.699993 0.88223
0.624733 0.906248
0.631572 0.919499
0.716793 0.884812
3
0.812449 0.991739
0.849928 1
0.789267 0.978372
4
0.789267 0.978372
0.820847 0.974748
0.840946 0.951079
0.805605 0.831587
3
0.795292 0.702857
0.864337 0.700031
0.767843 0.619991
3
0.820228 0.86955
0.883873 0.974178
0.885309 0.816991
3
0.885309 0.816991
0.905924 0.811474
0.910856 0.787025
3
0.981487 0.660701
1 0.591907
0.973793 0.549369
3
0.957662 0.448493
0.972826 0.396574
0.956145 0.365049
3
0.956145 0.365049
0.977471 0.259505
0.943306 0.258922
3
0.985916 0.147657
0.981355 0.115935
0.958879 0.149129
3
0.660976 0.141106
0.840978 0.135201
0.840088 0.117931
4
0.927881 0.125276
0.953881 0.130625
0.97743 0.0437148
0.935758 0.104029
3
0.528786 0.144767
0.643457 0.0749226
0.548301 0.0600882
5
0.543723 0.023973
0.722959 0.0163354
0.568347 0.00924934
0.524028 0.0155493
0.486608 0.0217421
3
0.500577 0.176387
0.466778 0.116377
0.355842 0.0259306
3
0.355842 0.0259306
0.489767 0
0.347268 0.015002
3
0.0893577 0.0547715
0.130939 0.0110414
0.0414935 0.0193777
3
0.0414935 0.0193777
0 0.149477
0.062104 0.0646939
4
0.176238 0.231001
0.196756 0.203133
0.208831 0.160629
0.126988 0.149362
3
0.268013 0.127209
0.255729 0.161582
0.249451 0.265121
3
0.248619 0.276425
0.220547 0.225838
0.147404 0.253212
4
0.0724172 0.239773
0.129293 0.246821
0.123747 0.222194
0.0594535 0.204735
5
0.0178745 0.331569
0.0277438 0.278953
0.0542334 0.127809
0.00472406 0.263546
0.000836839 0.382215
3
0.101377 0.364013
0.0373161 0.434771
0.0223619 0.46311
3
0.0223619 0.46311
0.0172961 0.460357
0.00336203 0.49342
4
0.15197 0.490659
0.057849 0.509322
0.106029 0.562728
0.139275 0.525812
5
0.0846672 0.664052
0.0729927 0.673031
0.0605233 0.705381
0.0705912 0.745184
0.167049 0.776553
3
0.146152 0.831689
0.3163 0.845551
0.178546 0.793928
3
0.231484 0.903619
0.104834 0.841096
0.285802 0.941894
3
0.285802 0.941894
0.219671 0.958983
0.244566 0.972281
4
0.0836297 0.861714
0.209906 0.951994
0.101623 0.839939
0.0843732 0.8466
3
0.0588059 0.77281
0.0390302 0.671761
0.0436176 0.840559
4
0.0253041 0.880004
0.0394117 0.783686
0.00151028 0.755131
0.00370454 0.804067
3
0.527107 0.939908
0.478492 0.947866
0.560087 0.94965
4
0.263389 0.968361
0.373654 0.962681
0.401732 0.953217
0.42263 0.917468
3
0.42263 0.917468
0.421002 0.923841
0.525721 0.880818
4
0.549999 0.889149
0.583957 0.910278
0.584671 0.898693
0.533127 0.783744
3
0.504865 0.840203
0.495482 0.839876
0.434202 0.877388
3
0.434202 0.877388
0.418492 0.761604
0.424898 0.832034
4
0.201036 0.506594
0.210779 0.584123
0.240653 0.589139
0.244215 0.577001
3
0.133052 0.36108
0.161465 0.432625
0.140677 0.34416
3
0.282106 0.241363
0.30445 0.231863
0.270603 0.127544
3
0.312209 0.304804
0.440526 0.181648
0.342897 0.26414
3
0.451177 0.301718
0.389845 0.326151
0.454195 0.339302
3
0.681148 0.428655
0.613178 0.50742
0.688965 0.426356
3
0.259505 0.419987
0.278589 0.416233
0.261258 0.367134
5
0.354061 0.459539
0.293248 0.460845
0.226833 0.519631
0.326219 0.520348
0.398598 0.488939
4
0.39342 0.508565
0.350679 0.550972
0.369553 0.568836
0.452765 0.535439
5
0.5591 0.630895
0.626896 0.684338
0.672738 0.695978
0.696065 0.597153
0.586195 0.531301
3
0.733904 0.553386
0.76544 0.575589
0.773142 0.509604
7
0.75139 0.660979
0.724967 0.646507
0.707511 0.63919
0.683647 0.697131
0.699993 0.88223
0.716793 0.884812
0.734677 0.81725
3
0.740662 0.982453
0.812449 0.991739
0.789267 0.978372
5
0.900597 0.784668
0.875541 0.802756
0.820228 0.86955
0.885309 0.816991
0.910856 0.787025
6
0.913571 0.444473
0.941823 0.551546
0.972057 0.653029
0.981487 0.660701
0.973793 0.549369
0.957662 0.448493
4
0.894719 0.197957
0.985916 0.147657
0.958879 0.149129
0.827114 0.209871
3
0.840088 0.117931
0.927881 0.125276
0.935758 0.104029
6
0.511467 0.188459
0.528786 0.144767
0.548301 0.0600882
0.543723 0.023973
0.486608 0.0217421
0.500577 0.176387
4
0.062104 0.0646939
0.085775 0.0998934
0.0893577 0.0547715
0.0414935 0.0193777
5
0.085775 0.0998934
0.0697226 0.0883004
0.109376 0.159766
0.176238 0.231001
0.126988 0.149362
5
0.0605149 0.268197
0.0178745 0.331569
0.000836839 0.382215
0.00386589 0.41992
0.0743238 0.264949
3
0.103453 0.637485
0.0846672 0.664052
0.167049 0.776553
3
0.167049 0.776553
0.146152 0.831689
0.178546 0.793928
3
0.359055 0.889966
0.231484 0.903619
0.285802 0.941894
5
0.066485 0.868328
0.0836297 0.861714
0.0843732 0.8466
0.0588059 0.77281
0.0436176 0.840559
3
0.00370454 0.804067
0.0228954 0.957448
0.0253041 0.880004
3
0.553628 0.932881
0.527107 0.939908
0.560087 0.94965
6
0.525721 0.880818
0.549999 0.889149
0.533127 0.783744
0.512667 0.696529
0.479468 0.687402
0.504865 0.840203
3
0.424898 0.832034
0.39128 0.877064
0.434202 0.877388
3
0.244215 0.577001
0.189496 0.47631
0.201036 0.506594
3
0.0896493 0.400284
0.133052 0.36108
0.140677 0.34416
4
0.324066 0.149057
0.342897 0.26414
0.440526 0.181648
0.364455 0.120761
5
0.516115 0.339266
0.453605 0.299511
0.451177 0.301718
0.454195 0.339302
0.472632 0.34386
3
0.398598 0.488939
0.360996 0.42912
0.354061 0.459539
4
0.503463 0.537373
0.475095 0.504602
0.39342 0.508565
0.452765 0.535439
3
0.784834 0.902932
0.740662 0.982453
0.789267 0.978372
3
0.76036 0.289604
0.894719 0.197957
0.827114 0.209871
8
0.935758 0.104029
0.720377 0.046638
0.676942 0.0512014
0.660017 0.0633833
0.65164 0.0698351
0.614721 0.146735
0.660976 0.141106
0.840088 0.117931
3
0.126988 0.149362
0.14423 0.115659
0.085775 0.0998934
5
0.0594535 0.204735
0.0502188 0.200501
0.0605149 0.268197
0.0743238 0.264949
0.0724172 0.239773
5
0.0436176 0.840559
0.0253041 0.880004
0.0228954 0.957448
0.072285 0.944682
0.066485 0.868328
4
0.6885 0.989228
0.628105 0.954138
0.553628 0.932881
0.560087 0.94965
5
0.263389 0.968361
0.42263 0.917468
0.525721 0.880818
0.504865 0.840203
0.434202 0.877388
4
0.180754 0.584252
0.201036 0.506594
0.189496 0.47631
0.172362 0.475029
3
0.472632 0.34386
0.536422 0.366113
0.516115 0.339266
3
0.278589 0.416233
0.354061 0.459539
0.360996 0.42912
4
0.516002 0.620616
0.5591 0.630895
0.503463 0.537373
0.452765 0.535439
4
0.798615 0.752637
0.784834 0.902932
0.789267 0.978372
0.805605 0.831587
4
0.725611 0.168409
0.660976 0.141106
0.614721 0.146735
0.730154 0.203986
5
0.275319 0.0454176
0.0893577 0.0547715
0.085775 0.0998934
0.14423 0.115659
0.168057 0.114955
4
0.104697 0.264956
0.0724172 0.239773
0.0743238 0.264949
0.101377 0.364013
3
0.131029 0.916057
0.066485 0.868328
0.072285 0.944682
3
0.560087 0.94965
0.528638 0.985248
0.6885 0.989228
5
0.392711 0.399747
0.372525 0.393604
0.261258 0.367134
0.278589 0.416233
0.360996 0.42912
5
0.517047 0.466108
0.502139 0.533963
0.503463 0.537373
0.5591 0.630895
0.586195 0.531301
5
0.805605 0.831587
0.853625 0.811046
0.81928 0.744158
0.795292 0.702857
0.798615 0.752637
3
0.168057 0.114955
0.268013 0.127209
0.275319 0.0454176
4
0.14935 0.925306
0.131029 0.916057
0.072285 0.944682
0.0641499 0.991898
4
0.0641499 0.991898
0.647829 0.999993
0.6885 0.989228
0.528638 0.985248
4
0.360996 0.42912
0.466428 0.485478
0.517047 0.466108
0.392711 0.399747
4
0.734677 0.81725
0.798615 0.752637
0.795292 0.702857
0.767843 0.619991
3
0.244566 0.972281
0.14935 0.925306
0.0641499 0.991898
5
0.613178 0.50742
0.554616 0.441654
0.494428 0.383159
0.392711 0.399747
0.517047 0.466108
5
0.76544 0.575589
0.75352 0.647791
0.75139 0.660979
0.734677 0.81725
0.767843 0.619991
3
0.0641499 0.991898
0.528638 0.985248
0.244566 0.972281
3
0.517047 0.466108
0.586195 0.531301
0.613178 0.50742
5
0.87156 0.674113
0.773142 0.509604
0.76544 0.575589
0.767843 0.619991
0.887908 0.707245
3
0.528638 0.985248
0.263389 0.968361
0.244566 0.972281
4
0.586195 0.531301
0.624594 0.514199
0.733176 0.452163
0.613178 0.50742
3
0.927502 0.717031
0.87156 0.674113
0.887908 0.707245
6
0.285802 0.941894
0.244566 0.972281
0.263389 0.968361
0.434202 0.877388
0.39128 0.877064
0.359055 0.889966
4
0.733176 0.452163
0.822877 0.284183
0.688965 0.426356
0.613178 0.50742
4
0.887908 0.707245
0.900597 0.784668
0.910856 0.787025
0.927502 0.717031
3
0.342965 0.837525
0.359055 0.889966
0.39128 0.877064
6
0.910856 0.787025
0.93814 0.994883
0.979303 0.942565
0.991066 0.837684
0.954239 0.694269
0.927502 0.717031
3
0.39128 0.877064
0.332763 0.805737
0.342965 0.837525
3
0.954239 0.694269
0.913571 0.444473
0.927502 0.717031
6
0.308693 0.821198
0.342965 0.837525
0.332763 0.805737
0.297968 0.743309
0.259315 0.696318
0.154436 0.72016
5
0.892996 0.630456
0.927502 0.717031
0.913571 0.444473
0.902634 0.289475
0.841415 0.481072
3
0.178546 0.793928
0.308693 0.821198
0.154436 0.72016
5
0.957662 0.448493
0.956145 0.365049
0.943306 0.258922
0.902634 0.289475
0.913571 0.444473
4
0.103453 0.637485
0.167049 0.776553
0.178546 0.793928
0.154436 0.72016
4
0.822877 0.284183
0.859473 0.289249
0.902634 0.289475
0.943306 0.258922
5
0.141712 0.526124
0.103453 0.637485
0.154436 0.72016
0.180754 0.584252
0.172362 0.475029
4
0.943306 0.258922
0.819927 0.257929
0.76036 0.289604
0.822877 0.284183
4
0.139275 0.525812
0.141712 0.526124
0.172362 0.475029
0.15197 0.490659
4
0.744056 0.304209
0.688965 0.426356
0.822877 0.284183
0.76036 0.289604
3
0.121564 0.443331
0.15197 0.490659
0.172362 0.475029
3
0.737618 0.251447
0.744056 0.304209
0.76036 0.289604
4
0.172362 0.475029
0.157527 0.447076
0.0896493 0.400284
0.121564 0.443331
6
0.827114 0.209871
0.829818 0.159756
0.725611 0.168409
0.730154 0.203986
0.737618 0.251447
0.76036 0.289604
3
0.0804639 0.450473
0.121564 0.443331
0.0896493 0.400284
4
0.730154 0.203986
0.656708 0.300591
0.676449 0.290509
0.737618 0.251447
3
0.00336203 0.49342
0.0804639 0.450473
0.0896493 0.400284
4
0.536422 0.366113
0.577702 0.397424
0.676449 0.290509
0.656708 0.300591
5
0.101377 0.364013
0.0223619 0.46311
0.00336203 0.49342
0.0896493 0.400284
0.140677 0.34416
5
0.527442 0.237548
0.516115 0.339266
0.536422 0.366113
0.656708 0.300591
0.58974 0.262109
5
0.147404 0.253212
0.104697 0.264956
0.101377 0.364013
0.140677 0.34416
0.248619 0.276425
6
0.440526 0.181648
0.527442 0.237548
0.58974 0.262109
0.511467 0.188459
0.340311 0.0497695
0.364455 0.120761
3
0.140677 0.34416
0.195793 0.318463
0.248619 0.276425
4
0.500577 0.176387
0.355842 0.0259306
0.340311 0.0497695
0.511467 0.188459
3
0.195793 0.318463
0.251965 0.292641
0.248619 0.276425
3
0.286388 0.0461337
0.340311 0.0497695
0.355842 0.0259306
6
0.249451 0.265121
0.248619 0.276425
0.251965 0.292641
0.282106 0.241363
0.270603 0.127544
0.268013 0.127209
6
0.347268 0.015002
0.250576 0.0121559
0.230039 0.0281335
0.275319 0.0454176
0.286388 0.0461337
0.355842 0.0259306
4
0.270603 0.127544
0.286388 0.0461337
0.275319 0.0454176
0.268013 0.127209
